8s56a3 3721 60 190 900 -1.0 
9blev1 2132 140 0 0 0.0 
9bxoro 2967 60 260 1300 -1.0 
9fb2hk 2505 90 360 1800 -0.5 
9gdshx 10323 10 70 400 -1.0 
9gix1f 3026 50 400 1900 -0.8320610687022901 
9ir8wk 3297 70 150 800 0.5714285714285714 
9k4ef9 3186 60 800 4200 0.23529411764705882 
9ktosl 2881 20 120 600 -1.0 
9l621b 3510 90 180 900 -0.9991456642460487 
9m9n77 3114 70 130 600 -1.0 
9mpsqt 2327 40 70 300 -1.0 
9mw228 12412 50 740 3800 -1.0 
9n95iu 6411 30 100 400 -0.8048780487804879 
9nky2e 2218 60 640 3200 -1.0 
9nu2ca 7100 100 280 1600 -1.0 
9o4i1z 10133 70 310 1500 -1.0 
9oczd2 9353 30 260 1300 -0.9979629943982345 
9oytfd 3548 40 470 2500 -1.0 
9p7m8t 3849 120 480 2600 -1.0 
9phqat 3047 30 150 700 -1.0 
9py7hb 4790 50 240 1300 0.9582013932868905 
9q9kea 14213 160 90 500 -1.0 
9qib9f 2997 60 190 1000 -0.6791546589817483 
9qo0jb 5839 30 270 1300 -0.9838465421504291 
9qz6lq 7397 40 430 2200 0.896738239632847 
9r8pwg 4242 100 400 2100 -1.0 
9rhbbw 6083 70 570 3000 -0.9997113580603262 
9sexff 4881 40 380 1800 -1.0 
9srqsi 12428 60 370 1800 1.0 
9sy52q 8441 50 210 1100 0.9387755102040817 
9t467y 6439 90 190 1000 0.9674672377747183 
9t9yun 6364 40 200 1000 -0.987194791101465 
9tj844 3697 80 140 800 -0.33584905660377357 
9treay 4483 30 590 3100 -0.9971374045801527 
9tyc9m 6848 70 510 2600 1.0 
9u8kes 2879 50 120 500 1.0 
9ucxj9 7329 70 350 1900 -0.0692594124948283 
9um28m 4567 30 90 400 -0.49241311796377873 
9usgo0 17237 140 80 400 -1.0 
9uzg28 12068 160 780 4000 0.5627188650444465 
9v83lf 7290 70 120 600 -0.9994120529152376 
9vdkvi 4000 50 40 200 0.9995402827261234 
9vhsr9 11736 70 150 700 -0.9969831920701049 
9w7hkz 4946 60 340 1700 -0.9988358556461001 
9wg9ep 31518 110 800 4200 -0.552060670106297 
9wpz7s 9909 50 450 2300 -1.0 
9x0szw 16558 60 890 4600 -1.0 
9x7wkv 2707 40 200 1000 0.5757575757575758 
9xk7u0 7294 30 260 1300 -0.9978213507625272 
9y3rdu 3788 10 140 800 -1.0 
9yad75 4896 30 330 1500 0.999225606608157 
9yh8xy 7982 60 400 2100 -1.0 
9yrurp 6704 120 440 2200 -0.9983613273248668 
9ysceh 12721 70 610 3000 -0.9997417855529017 
9z102o 5298 70 260 1300 -0.9901499888068055 
9z5qa7 24698 80 390 2100 -0.6456650511577814 
9zdd7j 11199 80 430 2200 -0.9996679119966791 
9zqx30 7960 100 1050 5300 -0.9878229389501398 
a0jkpl 4802 50 310 1500 -0.6644698423291899 
a1rg3q 6191 30 240 1100 -0.9461988304093567 
a1zbcl 3625 40 930 4800 -0.9994903160040775 
a2dzn2 10284 60 220 1100 -0.9997952393140517 
a2syvk 4482 50 100 500 0.9982319252796249 
a2ztjl 11347 60 600 3100 -0.9455162384876393 
a35pyu 6136 70 910 4700 -0.95117216664178 
a3cg0x 7242 40 340 1700 -0.9502186343760511 
a3ix8x 7484 110 440 2300 0.9998469982978561 
a3n1b4 4236 90 660 3600 -0.9974763406940063 
a3vjz3 5859 40 580 3300 -0.8764044943820225 
a45frc 8906 60 310 1600 -0.9990454979319122 
a4wgq8 6953 50 330 1700 -0.9977385159010601 
a55c57 5484 150 730 3800 -1.0 
a5bkse 5937 60 270 1300 0.4897959183673469 
a5r3yl 5943 80 1060 5300 0.9993847415914684 
a64k1b 3690 60 730 3600 -0.9990273725163262 
a6jbph 2636 40 520 2600 -0.9990865494405116 
a6jc38 2354 60 410 2200 -0.9997018040852841 
a6onwm 10594 50 280 1500 -0.9998820824243854 
a6xyvu 3889 60 100 500 -0.9932292646229076 
a73x4o 7880 50 290 1500 -0.9994465199944652 
a7b731 5212 110 370 1900 -0.9768328226589941 
a7foct 6488 110 680 3700 -1.0 
a7m888 4602 70 210 1000 -0.9623352165725048 
a7uvyt 5727 100 0 0 0.9587628865979382 
a80toh 3729 100 380 1900 -0.9632867132867133 
a884id 2930 70 130 700 -0.981516408902301 
a8eyps 3443 40 340 1700 0.9995958643451318 
a8ilo5 10878 130 410 2000 -0.9850629341411187 
a8o2y7 5791 90 390 2000 -0.9703631330402215 
a90424 2869 30 850 4400 -0.9881546134663342 
a95x33 2321 80 440 2200 -0.9765981735159818 
a9bt87 2887 90 330 1700 -0.9984532095901005 
a9fvma 2742 70 270 1400 -1.0 
a9nsfg 15811 80 380 2000 1.0 
a9stkn 3998 80 320 1600 -0.9614921780986763 
a9zkn7 3778 50 820 4200 -0.9953431644306464 
aaaufh 5526 60 360 1700 -0.9951851851851852 
aahkj8 4231 60 380 1800 -0.9996457982821216 
aakgkm 4575 40 490 2500 0.9993863566631439 
aanmd9 3002 60 100 500 0.9600111856823266 
ab8bm8 5419 40 230 1100 0.9986266531027467 
abiar4 19249 80 220 1200 -0.999390243902439 
abq93c 4474 60 400 2000 0.23557951482479783 
abv65u 18487 130 470 2300 -0.19277640409749205 
ac4zea 9585 60 2050 10600 -0.9917366042608134 
acbifm 3399 120 270 1200 -0.8741784037558685 
achoyx 23553 150 880 4900 0.9973468558101718 
acqo2b 15612 140 80 400 -1.0 
ad1lk4 14667 60 280 1400 -0.9998712957302358 
ad9ycy 24152 80 520 2700 -1.0 
adp62e 14911 90 610 3200 -1.0 
adwdkn 6694 60 410 2000 0.2758644113850961 
ae5whx 21854 60 450 2200 -1.0 
aeiy4m 6397 40 470 2200 -1.0 
aeokcg 8008 50 170 800 -1.0 
aex00x 11392 50 220 1100 0.9860954631639691 
afl15b 21546 60 400 2100 -0.9979870644139388 
afvbja 4828 60 150 700 -0.9997180716098111 
ag19z3 2199 40 220 1200 -0.9997962717734542 
ag84ed 13027 100 230 1200 1.0 
agg3k0 6292 50 220 1200 -0.21052631578947367 
aglogu 24524 90 420 2100 -1.0 
agwlpu 8007 70 300 1500 -0.8988734143528786 
ah3mhj 7760 40 1040 5300 -1.0 
ah7qv4 5006 70 870 4400 0.57001414427157 
ahhlzx 36972 30 130 700 -0.9989339907057314 
ahmq5f 6254 60 530 2700 -0.9184720638540479 
ahpper 3927 50 150 800 0.9898221499396673 
aht3zd 7699 50 480 2600 -0.9979823279760662 
ahxy4z 10749 90 490 2500 -0.6163742690058479 
ai1i0m 2986 60 850 4500 -0.5913824057450628 
airp2b 3021 40 750 3800 0.29225836005497025 
aiwert 4740 40 780 3900 -0.9609264497878359 
aj15xj 7363 90 1730 8900 -0.6160503540519277 
aj4ojm 9523 50 310 1500 -0.9996329601761791 
aja1al 3105 100 400 2100 0.9980700802122912 
ajcopt 5649 110 630 3300 -0.6374153032556602 
ajl6q1 12841 90 650 3300 -0.9793605454712982 
ajtjnd 14244 170 0 0 -0.9722222222222222 
ak0zkc 27578 50 400 2100 0.9938140163819768 
ak82eh 12015 120 420 2000 -0.704312114989733 
akgmre 5754 70 210 1000 0.4760599029740561 
akipwc 8261 70 270 1300 0.7519729425028185 
akn3i0 7411 80 300 1600 -1.0 
akw54a 11138 50 290 1800 -1.0 
al1iag 18869 70 310 1500 -1.0 
al8i2p 2962 50 490 2500 -0.9997878659312686 
alboqk 8911 70 380 1900 0.9926615862263618 
ali3ny 6831 40 180 1000 -0.998861112692899 
alns7z 2171 50 910 4600 -0.9717579250720461 
alp6bu 5009 40 610 3000 -1.0 
aluk6y 11745 160 1100 5500 -0.9943483473197465 
am1hmi 13005 180 670 3500 -0.7545475267836791 
am4zfh 2770 80 620 3200 0.9926331184659553 
amagia 9918 30 320 1600 -0.9996039290240811 
amiloi 4531 60 890 4400 -0.969391304347826 
amo24t 9175 80 560 3000 -1.0 
an1v5u 13584 50 210 1100 0.4461639505767415 
ane02k 5199 160 1020 5400 -0.8194423956335742 
aneyb5 4377 160 1120 5700 -0.9959640432948083 
anhw1b 27395 40 120 500 -1.0 
anpshh 8455 70 820 4200 0.36106643794003074 
anv3g0 5683 50 310 1600 -0.997442283098876 
ao3bpe 8503 30 290 1400 -0.9994035192365046 
ao5vlq 2912 40 170 900 -1.0 
ao65n3 10441 150 1850 9300 -0.9565217391304348 
aof9gu 8482 90 100 500 -0.8779380774841952 
aoj0kt 12133 70 670 3500 -0.974713696747595 
aot6xs 10967 100 850 4300 -0.9994197516537078 
aoujha 3439 50 350 1800 -1.0 
ap77mf 6037 60 400 2100 -1.0 
ap83lb 10064 90 630 3100 -1.0 
apc2b5 12135 90 380 1900 -1.0 
apfejh 10788 80 600 3000 -1.0 
aphmhd 29635 50 240 1200 -0.999548855220121 
apiwrd 3030 80 1180 5900 0.9787610619469026 
app91s 8223 50 410 2000 -0.9751372082258811 
apsoa7 7912 130 580 3000 -0.9719703215169002 
apu5u0 3350 90 100 400 1.0 
apuu4n 6567 130 680 3500 -0.8395845354875938 
apy9nr 2686 70 460 2400 -1.0 
apyn0c 11115 160 720 3800 1.0 
aq5jde 9908 90 450 2200 -0.0873053327041057 
aqdxii 5996 40 440 2300 -1.0 
aqi836 7418 70 320 1700 -0.9953542392566783 
aqwgtf 5614 90 470 2300 -0.9957875029253452 
aqzqc6 16929 60 380 2000 0.9644655934245898 
ar0zof 2290 110 170 800 -1.0 
ar75he 5809 40 580 2900 0.9690088899898164 
ara05f 6143 120 100 500 0.5298756445253261 
arlk60 9331 70 490 2600 -1.0 
as65sy 2273 50 470 2400 -1.0 
asawpv 16617 70 290 1500 0.7996545768566494 
ashfts 19045 100 460 2400 -0.9991485738612176 
asprlr 22678 80 570 2800 1.0 
asxd52 4704 50 300 1600 -0.9877899877899878 
aszm1k 7795 50 600 2900 -0.9889026915113872 
at2fjj 2282 40 70 300 -0.9996362975086379 
at578d 21020 90 440 2200 -0.9149254973778407 
ati7b2 5268 40 350 1800 -0.9703369337417379 
atkz2q 7139 60 210 1100 -0.9995193848125601 
atlouy 5788 50 580 2800 0.8848356530491827 
atr4mw 4440 60 270 1400 0.9565455541354756 
atuh3j 8002 50 860 4400 -0.9996757983465716 
atvjvo 9585 40 490 2400 -0.9343724364232978 
atzy96 13602 70 320 1600 -0.9739442381521808 
au21gp 2792 40 90 400 0.9994217982075745 
au5qk4 11443 70 230 1200 -1.0 
au9bhn 14945 30 550 2800 -0.9978697115589451 
au9bkj 18415 80 570 2900 0.5895058400718778 
audl4e 11354 50 190 900 -1.0 
aujbdh 19576 60 340 1600 -0.9843796342066238 
aunbjr 5225 40 330 1800 -0.9997786386275594 
auouff 2521 40 540 2800 -1.0 
aur0jx 7228 90 180 1000 -0.6273726973453807 
auzirj 20230 90 530 2700 -1.0 
avfm18 11675 90 400 2100 -0.9996591877307583 
avple4 15013 60 720 3800 0.05491392460230987 
avtmig 35753 90 940 5000 -1.0 
aw4ci0 12762 30 240 1200 0.9509695879976026 
aw4s3g 2525 70 320 1700 0.8613400972310293 
aw7iji 2335 60 360 1800 -0.9920291110726044 
aw9sou 19153 70 410 2100 -1.0 
awhhts 12546 60 100 500 -0.9984572913283534 
awnjmv 10736 50 140 600 -0.9988809936776143 
awtof3 15952 60 170 900 0.9992603276748401 
awyi8k 43404 40 640 3200 -0.9997070169441867 
ax75vx 15171 50 610 3300 -0.8898863364849643 
ax9c9e 3597 130 310 1600 -0.8647414537825496 
axc97i 16195 60 150 800 -0.9998517969618377 
axcu03 2357 110 570 2800 -0.48424068767908307 
axpo27 7926 90 400 2100 -1.0 
axvbak 11063 60 390 2100 0.4747652185663131 
axw6se 2280 60 200 900 -0.9997617913292044 
axw73m 2947 50 180 1000 -0.9997310743579401 
axxy3f 3796 40 410 2100 -0.9979016393442623 
ay182a 18366 50 100 600 0.6507936507936508 
ay1tyw 5214 80 450 2200 -1.0 
ayb5fn 8731 40 350 1800 -0.9757281553398058 
aygsfl 17464 30 250 1300 -0.18604651162790697 
aylk38 20294 70 520 2700 -1.0 
aysa03 50604 180 180 1100 0.9137931034482759 
aytf20 2690 150 610 3200 -0.9996377467850027 
az0ydl 12943 80 560 2900 -1.0 
az8fo0 2642 70 270 1400 -0.9978217462334362 
azbct6 8602 80 240 1200 -0.999213990960896 
azfg6o 21960 40 300 1500 -1.0 
azjw7a 3554 60 150 700 -0.9991208791208791 
azofrl 18018 50 380 2000 1.0 
azpfmz 5574 80 530 2600 -1.0 
aztuu8 3225 40 120 600 -0.9809183064997018 
azvko1 67312 50 1040 5400 -1.0 
azx6yr 2888 20 170 900 0.9998821588498704 
b01dty 2784 80 410 2000 -1.0 
b0b6ld 21281 90 440 2300 -1.0 
b0lyow 3015 50 490 2500 -0.9521386847559826 
b0o5g9 2838 50 520 2700 0.9881443298969073 
b0obnd 36466 70 80 400 0.948339483394834 
b0qa1q 38895 70 310 1500 0.9905553230916373 
b0xd7g 20016 40 540 2800 0.7916474506789649 
b0y3pf 2442 60 190 900 -1.0 
b0zo28 2910 40 200 1000 0.9967455621301775 
b11jzt 2858 110 260 1400 0.9905933429811867 
b12st4 17893 50 510 2500 1.0 
b19p2q 4246 60 570 2800 -1.0 
b1e9dn 3753 50 340 1700 -0.999697519661222 
b1f13i 2958 50 560 2900 0.9996520226185298 
b1f28b 2934 60 130 600 -0.9987144464084846 
b1jd5i 17960 130 240 1300 -0.9393833674937857 
b1n24p 2533 70 330 1600 0.9418756341498767 
b1qazb 2147 60 310 1600 -1.0 
b1s43i 11515 80 310 1500 0.7179139046402044 
b1sxfb 4641 30 500 2700 -0.9951520493609519 
b1t3z4 2304 80 170 800 0.9966840003014545 
b1tzjp 2161 40 140 700 0.985357282311597 
b1vu58 7772 40 140 700 -0.9997129117921482 
b1x2zc 2762 60 360 1800 -0.23521320495185694 
b1xne1 3623 60 310 1600 -0.9997406639004149 
b22cxm 32250 150 340 1800 0.05898784859630336 
b25l7c 5057 70 560 2900 0.9611441798941799 
b27fji 2955 80 170 800 -0.9895997097593421 
b28ktw 2720 90 560 3000 -0.9976942587041734 
b29sim 13652 90 120 600 1.0 
b29w8f 11771 60 570 3000 -1.0 
b2c73i 8960 50 540 2800 -0.9901428571428571 
b2i8xj 15575 90 380 1800 -0.9706072351421189 
b2kqov 15877 60 230 1300 0.980979146301727 
b2ovjl 3499 50 440 2200 -0.9960581423996058 
b2pemq 2786 80 190 1000 -0.9941203775336531 
b2xmyy 6702 40 200 1000 0.24687364202597653 
b2yjac 3226 110 520 2700 -0.9987942727957799 
b2za6i 19321 60 490 2600 -0.9962019853258524 
b30r5w 4107 90 60 300 0.9998952276179999 
b31u9y 2177 80 290 1500 -1.0 
b354b4 3398 60 400 2000 -0.9808085574956741 
b366in 13032 70 560 2800 -0.6268946917271225 
b3blri 13828 40 450 2200 -1.0 
b3bmbu 4425 100 140 700 0.97539975399754 
b3giip 14796 50 240 1200 -0.9987538940809969 
b3hf04 5760 70 230 1200 0.9998794163752562 
b3kjk7 12183 50 200 1000 -0.9975618676094112 
b3pqrd 3351 50 420 2200 -0.9995866060355518 
b3t71s 3825 80 530 2800 -0.986233640329617 
b3v1yg 15041 80 260 1300 -0.10567737048104037 
b3xar3 4320 70 770 3900 -1.0 
b43t53 41933 80 390 1900 -0.9902594676295239 
b46hkg 16297 60 340 1800 -0.945176668536175 
b4aw44 2428 40 170 800 -0.9997881580341066 
b4bg7x 10696 80 560 2900 -0.9996549046674144 
b4cq0n 2758 80 380 1800 -0.9989529892157889 
b4d8lv 4046 50 210 1100 0.9672131147540983 
b4ddr7 2300 30 180 900 0.9996155324875048 
b4ild1 9795 40 360 1900 -0.9980430528375733 
b4iwg6 2452 70 750 3800 -0.9976765799256505 
b4kafp 2204 60 170 900 -0.7941952506596306 
b4lqab 11934 80 560 2800 -1.0 
b4n1hq 8554 70 240 1200 -1.0 
b4qz08 12466 70 320 1600 0.9998938297382903 
b4sc9o 2221 30 100 400 -0.6957306073361396 
b4vc6m 18368 50 160 800 -1.0 
b4wy7h 5150 50 380 2000 0.946031746031746 
b4yx07 2730 50 230 1200 -0.9994670929922729 
b51p9c 16105 60 320 1600 -0.9991730411412032 
b52tza 3550 80 510 2500 -0.9940499040307101 
b5a1yu 18177 50 430 2300 -0.8104638488555165 
b5h2us 3500 50 290 1500 -1.0 
b5hirx 26353 80 500 2600 -1.0 
b5jdwq 2791 90 590 3000 1.0 
b5o8t6 18958 20 570 2900 -1.0 
b5pek5 2990 100 450 2300 -0.9974905897114178 
b5px25 2423 70 540 2800 -0.9981081507173262 
b5rpuc 5985 60 120 600 -0.9963674104826155 
b5tdeb 2672 60 480 2600 -1.0 
b61und 3120 90 240 1200 -0.9597873815576612 
b62dsy 6342 70 240 1300 -0.9831965611567018 
b65vaq 23487 80 590 2900 -1.0 
b661hj 2826 50 240 1400 0.9997074455117265 
b66ucw 3247 60 360 1800 1.0 
b67z3e 4911 70 350 1800 -1.0 
b6ef5q 2551 40 760 3800 -0.9988168014198383 
b6f5fj 19511 70 850 4400 -1.0 
b6ltye 4198 70 370 1900 -0.9939353099730458 
b6n3sf 2354 70 490 2600 -0.9993957703927493 
b6o0ic 6191 70 900 4700 -0.9983934129932724 
b6qtzb 16119 40 490 2500 -0.9818639798488665 
b6wg38 17411 80 530 2700 0.6441567207682631 
b6ya8d 4685 90 740 3900 -0.9984934086629002 
b6yovf 4967 100 320 1600 0.999825637150911 
b6zs5v 5218 30 600 3400 -0.9484536082474226 
b7052w 8018 50 460 2300 -0.9987522961217205 
b739ob 16515 110 670 3400 -1.0 
b79osf 2328 70 230 1200 -0.996446971042814 
b7c9ji 2739 90 450 2400 -1.0 
b7ce3b 2631 60 510 2600 0.9995224450811844 
b7ddja 18141 130 360 1900 0.10618449212533611 
b7gkds 11966 50 350 1800 -0.9998308453503616 
b7lluf 7634 60 200 1100 0.9960560911481157 
b7m8up 5373 50 280 1300 -1.0 
b7oc7h 32196 40 650 3500 -1.0 
b7pbgt 4106 60 470 2300 -0.9898871119473189 
b7vz7m 22394 160 420 2400 1.0 
b81w4s 11536 40 260 1500 -0.9997288687046703 
b82y1l 3783 100 320 1600 0.9884105960264901 
b84144 2966 70 240 1100 -0.9995909183882185 
b84xxt 25194 70 1380 7300 -0.996309963099631 
b8c3pu 2729 60 140 700 -0.9975688816855753 
b8cfzr 8411 50 490 2500 -1.0 
b8m3yb 18919 80 480 2500 -0.11896412193148098 
b8rwmf 3483 80 200 1000 -1.0 
b8sdv1 16556 60 220 1100 -0.9907951118870021 
b8wj9h 2636 80 340 1700 1.0 
b8xuwn 6030 60 750 3800 -1.0 
b8z9ed 13599 100 520 2600 -0.9982815101229794 
b92aan 2190 70 190 1000 -1.0 
b92sj7 3014 70 350 1800 -0.029641185647425898 
b94gx3 11128 130 220 1100 -0.9698216735253772 
b9a3mo 21245 40 400 2000 1.0 
b9dfog 4651 80 520 2600 -1.0 
b9e9b8 3887 130 460 2300 -0.9698492462311558 
b9gi04 17329 80 300 1500 -1.0 
b9pu2q 3137 50 480 2600 0.9823040169881437 
b9s168 3333 60 250 1300 -0.9591549295774648 
b9swi6 20852 90 470 2300 -0.9985232067510549 
b9vot2 3080 30 260 1300 -1.0 
b9yj8h 2343 90 200 1000 -0.9271375464684015 
ba4pcp 2677 40 250 1300 1.0 
ba5eue 19240 80 360 1800 -0.9926942442491855 
ba5hs8 3681 90 570 3000 -1.0 
ba8yv4 11444 30 140 700 0.9958031883240941 
bad27s 10871 70 480 2300 -1.0 
bah4td 2259 30 230 1200 -1.0 
bai0gq 12926 90 130 600 -1.0 
bak1gr 3395 60 310 1500 -1.0 
bamn16 14029 50 160 800 0.998184623763275 
barg6e 19685 40 230 1100 -1.0 
batqm4 8391 70 530 2800 -0.999887145920325 
bav8wq 16243 70 470 2300 -0.9976681614349776 
baxk37 2519 40 560 2900 -0.7852981969486824 
bb1rb9 12815 100 1440 7200 -0.14548668251356128 
bb9c7x 2728 40 260 1400 0.9960267292757811 
bb9jtb 15757 60 170 800 -0.9970909437741428 
bba0ei 3976 60 90 400 -0.7419354838709677 
bbbbhe 17822 80 330 1700 -0.9131177651531331 
bbbjtm 8134 60 440 2400 -0.9998860074095184 
bbbnzc 12197 60 470 2400 0.999092970521542 
bbjo5b 14774 50 360 1900 -1.0 
bbm24t 4905 110 650 3400 -0.8778112882378285 
bbtere 11610 80 250 1300 0.9970306909728138 
bbvsvl 3151 30 770 4000 -1.0 
bbzrrg 13299 80 170 800 0.9592977552624683 
bc1x4h 2627 60 140 700 0.9856005420972387 
bc5yeu 18247 80 360 1800 -0.9992023205221174 
bccffy 13472 80 220 1100 -0.9597441464702776 
bcexzl 5126 70 800 4000 -1.0 
bchxly 15652 60 450 2300 -0.6002643851209929 
bci1z0 2241 50 100 500 -0.987667009249743 
bcicii 3359 90 200 1000 -1.0 
bck601 5646 70 350 1800 -0.997360248447205 
bcpbxl 16605 40 170 800 0.9576770087509945 
bcpuwt 9020 20 190 1100 -0.9967204154140475 
bcrt4w 2630 100 230 1100 1.0 
bcss62 3641 70 480 2500 -0.9575191163976211 
bcwq7x 2809 90 430 2200 -0.5486422356973372 
bcx0z8 6158 80 270 1500 -0.9981160512434062 
bcy3i0 2320 80 400 2100 -0.9902803738317757 
bd0g3q 13543 90 420 2200 0.9459459459459459 
bd1a1l 2325 170 580 2800 -0.996895615056267 
bd3jpf 14065 40 190 1100 -0.9764905694109234 
bd7t1h 17302 110 390 2200 0.0 
bdd4a7 2126 70 1010 5400 -0.5576875768757688 
bddevf 2283 40 570 2900 0.9993390614672836 
bdf4x9 13110 100 400 2000 -1.0 
bdh7u3 3510 60 560 2700 -0.9347612497543721 
bdi0g4 2712 40 320 1700 -1.0 
bdjdm4 2217 150 450 2200 0.9723907766990292 
bdkvpo 2774 90 690 3600 -0.9996739484838605 
bdl5l0 9818 90 330 1700 -0.9925741202549183 
bduq2d 21936 70 300 1500 -0.5257031434649019 
bdv880 3049 30 410 2100 -0.9997691064419303 
bdw3zz 4793 90 290 1400 -0.9738350727620168 
bdxek2 5199 150 400 2200 -1.0 
be54zb 3806 50 470 2300 -1.0 
be78v7 2335 50 580 3000 -0.9847922848664689 
be8lh0 16806 80 410 2100 -1.0 
be9esn 2354 130 590 2900 -0.8297389330306469 
beaaz7 3381 40 580 2900 -1.0 
bec0xf 3598 60 300 1600 0.9988556388396178 
bee1w0 2413 80 560 2900 -0.9993868792152054 
bee2kf 3056 50 330 1700 -0.9090909090909091 
begn9w 8327 60 200 1100 -0.3808239154210718 
beho75 12355 50 740 3900 -0.9986550100874243 
bek79b 2635 50 410 2100 0.9820372398685652 
bekhx4 6814 60 500 2400 -1.0 
bel6is 7933 80 120 600 -0.9418645373677944 
bel9m9 3445 50 650 3300 -1.0 
belw0c 2337 70 560 2900 -1.0 
bemckh 2664 50 580 3000 -0.9993055555555556 
bemh9x 2184 60 270 1200 0.9950291559124367 
benjes 20259 100 210 1000 -0.9994880109224337 
bepaue 2607 50 490 2500 -0.9980800877674163 
berjqv 5669 70 330 1700 1.0 
bexsyt 7038 60 170 900 -1.0 
bf1026 3895 60 570 2900 -0.9706336939721792 
bf4i6q 2229 60 160 800 -0.9997586872586872 
bf892b 18728 30 290 1400 -0.9996451593825774 
bf9587 3799 40 310 1700 -0.9997868485558989 
bfcw3f 2615 100 420 2200 -1.0 
bfg9qx 2536 70 140 900 0.3333333333333333 
bfhx1o 3724 40 370 1800 -0.9995367689635205 
bficsd 15762 80 350 1700 -0.9973597359735974 
bfjhg1 2699 60 240 1200 -1.0 
bfl6db 3428 80 110 600 -0.9986856516976998 
bfmn96 11098 30 230 1200 -0.9998027029693203 
bfn4qy 3077 40 230 1000 -0.9918880551612249 
bfoyrm 2523 70 390 2000 -1.0 
bfpjb6 7451 50 570 2800 -0.9877940742199035 
bfsl8i 2698 160 170 800 0.8924731182795699 
bftr58 7104 160 250 1300 -0.9958982772764561 
bfw1gs 4113 80 490 2500 -0.21966632962588473 
bfzkvf 10929 60 650 3300 -1.0 
bg09xs 3371 90 290 1500 -0.999668270028197 
bg0yvp 10474 60 320 1700 -0.9997765113420494 
bg63em 16896 70 480 2400 -0.9612029966342152 
bgba2f 11698 100 260 1400 -0.9997693859901989 
bge1on 16852 70 320 1700 -0.9820960200707036 
bggcvf 3644 70 290 1400 0.9984080657999469 
bgh3m9 18430 170 290 1400 -0.9828948792898127 
bgha4h 4454 120 130 600 1.0 
bghhvo 3254 70 160 800 -1.0 
bghqsy 2183 80 90 400 -1.0 
bgixqz 7769 60 140 800 -0.9986015383078614 
bgmg0t 3102 80 530 2800 -0.9882174078297226 
bgndwy 9603 80 730 3600 -1.0 
bgq5r9 2242 50 310 1600 1.0 
bgqjrp 16010 60 400 1900 -0.7141322351045257 
bgta8v 9667 40 420 2100 -0.9996229023945697 
bgur04 3188 60 420 2200 -0.9981642955484167 
bgwb18 15045 150 600 3100 -0.6910216323144662 
bgwkse 3579 90 530 2900 -0.98914223669924 
bgyfr0 24530 40 440 2200 -0.9714517895629439 
bgzhrj 10537 50 570 2900 -0.9995365650199277 
bh2lwt 2592 50 690 3500 -0.9960410293323736 
bh8kmq 26264 70 560 2800 -0.9720636827876239 
bhcr8q 2788 50 450 2300 -0.9964776329693554 
bhdnls 19281 70 680 3500 -1.0 
bhfzgp 5657 70 220 1200 1.0 
bhi802 2530 60 560 2800 -1.0 
bhkf9u 13397 90 830 4300 -0.9875573018991487 
bhn104 10678 170 260 1400 -0.9957356076759062 
bhnf64 2352 30 480 2400 -0.746801794317993 
bhp3sq 4532 60 410 2100 -1.0 
bhp4hy 16944 120 250 1200 0.9439973172367538 
bhqrz9 3329 70 560 2900 -0.999758162031439 
bhw32k 9001 80 230 1200 1.0 
bhx272 2176 70 360 1900 -1.0 
bhx70a 2205 30 90 400 -0.5535816618911175 
bhz0i8 17037 50 300 1600 -0.8002229654403568 
bi0ljh 18766 50 360 1800 -0.9888254873989539 
bi3tz2 3037 20 550 2800 -0.9718010622887494 
bi4tak 13851 30 330 1600 -0.999829380651766 
bia917 2741 40 290 1500 -1.0 
bie29n 2476 50 520 2600 0.9535256410256411 
biedqo 11589 50 300 1500 0.6152094717668488 
bihmbc 16348 70 380 2000 -1.0 
biipj1 3280 50 200 1000 -0.9683402023229674 
bilrid 2133 20 380 1800 -1.0 
binqjd 22441 90 730 3800 -0.9969517726893349 
birkjn 35116 100 280 1400 -1.0 
bixmrg 11232 40 270 1300 -0.9427787162162162 
biyld1 8254 70 530 2800 -0.9292897938912341 
bj1yn3 17825 60 460 2400 -0.9995611629182666 
bj2ygg 2832 80 410 2200 -0.9955257270693513 
bj4jkx 2865 40 180 900 1.0 
bj4wt2 3117 80 0 0 -0.9991099243435692 
bj6s24 5282 50 330 1600 -0.9897008337420304 
bjai4e 20671 80 390 2400 -1.0 
bjc7du 2960 150 380 1900 -0.9983669025585193 
bjgmc7 2957 110 220 1100 -0.5604395604395604 
bjh8mh 2359 60 520 2700 -0.9903288201160542 
bjk9mx 2298 90 430 2100 -1.0 
bjmtye 2634 70 370 2000 -0.9979924717691343 
bjqcp3 13410 70 390 2000 -0.9457193093187863 
bjt5hg 17423 60 390 2000 -0.9809894281143144 
bju6w5 12652 50 520 2700 -1.0 
bjv2zb 2655 50 340 1800 -0.9993598975836134 
bjw8cd 9373 50 520 2600 -1.0 
bjwwbt 4386 50 220 1100 -0.9879907621247113 
bjwx56 2234 170 500 2400 -0.21297602256699577 
bjx5rm 4686 70 550 2900 1.0 
bk1api 13447 50 580 3200 -1.0 
bk1v9h 2612 80 340 1800 -0.4759908992934978 
bk3x9v 2442 100 320 1700 -0.19177126917712692 
bk763q 15774 20 370 1800 0.5212641194987964 
bk837c 2356 130 200 1100 0.4556585621829631 
bk95sz 2734 80 200 1000 -0.9840878954347414 
bkb1ld 5908 60 510 2600 -1.0 
bkey92 14900 40 550 2900 -0.9983591525505526 
bkjg0p 10357 60 660 3400 -0.9497653398227012 
bkkblz 3525 90 620 3200 -0.9628221377270807 
bkkewz 2156 40 500 2500 -0.9993455497382199 
bkkhsw 2558 60 80 400 -0.9992900248491303 
bkp5dz 3201 80 220 1100 0.997127353973827 
bkpb4c 19757 180 810 4000 -1.0 
bkrxqk 20037 70 310 1600 -1.0 
bkyn9c 31187 40 220 1100 -0.24620906893267894 
bkyxqj 2517 90 220 1100 -1.0 
bl5wr6 13739 70 390 2300 0.0 
blc0ux 3044 10 120 600 -0.9973666886109283 
blc363 4886 60 280 1400 -0.999515503875969 
blehad 2942 40 780 4100 -0.9985375840889149 
blich3 24099 200 340 1700 -0.8155940594059405 
bljpk2 2513 120 220 1100 -0.8334985133795837 
blo9j6 6428 40 410 2000 -0.9897466827503015 
bloi0n 2491 60 540 2800 -1.0 
blpyy3 18497 50 440 2200 -0.027535974418191507 
blsnwr 4050 60 270 1400 -0.9809941520467836 
blvl17 11573 70 590 3100 -0.9988472622478386 
blw9ke 2215 50 240 1100 -0.8482167542162012 
blwxsu 2371 70 390 1900 1.0 
blxld4 4596 80 320 1700 -0.5114503816793893 
bm37zp 3830 80 640 3300 -0.9996094131432477 
bm4cr7 20806 70 340 1800 -1.0 
bm5tii 3304 50 310 1700 -1.0 
bm6jjs 2367 120 300 1500 -0.9906945829179129 
bm6rqp 17019 80 400 2000 -0.7222340049487451 
bmbczq 6876 50 180 800 -0.9994220488368732 
bmbpbz 13650 60 540 2800 0.694742047140267 
bmht4p 2923 160 330 1700 -0.9972070585248191 
bmi2qj 28201 70 670 3400 -0.5681660097380014 
bmittk 4035 50 380 2100 0.7258064516129032 
bmk0n9 6324 160 360 1900 -1.0 
bmk8la 3264 100 180 1000 -0.9995196349225411 
bml5l1 7783 70 390 2000 -0.9478354978354978 
bmlliy 2539 60 260 1300 -0.9983179142136249 
bmo5hl 13907 50 140 700 -1.0 
bmp9dl 4425 50 170 800 -0.580110497237569 
bms5v7 3068 70 1090 5700 -0.9621262458471761 
bmvxbh 14936 60 650 3300 -0.9984262811055375 
bmx448 3190 50 530 2900 -1.0 
bmx58a 3907 120 270 1400 0.9994647158533322 
bmywa5 18449 80 360 1800 -1.0 
bn4hl6 3783 60 740 4200 -0.9939393939393939 
bn62w6 3152 60 250 1200 -1.0 
bn6jf6 13474 60 230 1100 -0.9856763498833185 
bnbp5k 16095 40 300 1400 -1.0 
bncdre 14594 50 220 1100 -0.9997315436241611 
bnclef 2219 70 200 1000 -1.0 
bnee49 5326 60 570 2900 -1.0 
bnf405 13306 60 430 2200 -1.0 
bnii90 12548 100 720 3900 -1.0 
bnmymi 3113 70 420 2100 -0.6444444444444445 
bnnxpb 12468 60 330 1700 -1.0 
bnoncj 10521 40 160 800 -0.5800865800865801 
bnqn5e 8406 140 920 4800 1.0 
bnr2gy 23365 80 490 2400 -0.9998411753027596 
bns8e2 2286 50 410 2100 -1.0 
bnsmmt 7686 100 540 2800 -1.0 
bntq8s 4522 70 340 1700 -1.0 
bnxeao 18686 50 410 2100 0.17835975189524467 
bo0t3p 12869 60 140 700 -0.9967033920360892 
bo3ajf 10896 80 280 1400 -0.9993691349262677 
bo9w0b 2719 40 170 800 -1.0 
bob5vd 13977 50 270 1300 -0.998803970816888 
bock7w 2399 70 130 600 -0.8739161003046637 
bogbos 2229 40 230 1200 -0.9989229940764675 
bohka4 12549 50 400 2000 -0.9203126090293768 
boi62u 3512 90 250 1300 -0.9432452097986903 
boio25 5484 50 250 1200 -1.0 
boj4nu 3302 70 350 1800 -0.9861941067381002 
bojppq 5332 110 350 1700 0.933792199278925 
bok79i 13920 70 220 1000 0.47887405352291773 
bokei1 3025 110 300 1400 0.9978062658531569 
bon4uq 8173 40 560 2900 -1.0 
boor1o 3134 50 380 1900 -0.9692307692307692 
bopcai 8890 100 190 1000 0.9997179580160361 
bou472 2233 50 240 1300 0.9642394402694999 
bovbi6 22126 130 350 1800 -1.0 
boz1wy 2816 50 250 1300 -0.9983529411764706 
bp1cfd 2212 40 360 1800 -1.0 
bp4hp0 2827 70 390 1800 -1.0 
bp6z7o 5427 50 210 1100 -0.9975932611311673 
bp7869 2885 30 300 1400 -1.0 
bp8v29 31579 80 330 1600 -0.9998566753457707 
bpc1wo 3134 70 320 1600 -0.999684691786221 
bpe2di 34475 150 320 1600 -0.9550996442510276 
bpf6u4 2225 40 180 800 -0.9864521591871296 
bpkg48 10652 40 360 2000 -1.0 
bpktaq 2707 50 370 2000 0.5239711497666525 
bpo602 19032 50 410 2100 -1.0 
bpoiki 2574 120 340 1800 -0.9973880597014926 
bprla3 3756 90 270 1200 -0.9977030352748154 
bpt1h9 12096 60 290 1400 -0.994381355596882 
bq2hbt 20934 50 470 2300 0.9983719037097337 
bq3hou 3554 80 290 1400 0.8921245885034186 
bq5k6s 6237 60 420 2300 -0.9987717502558854 
bqa4vg 19905 100 160 800 -0.9613047649504317 
bqaqq7 6434 50 270 1300 -0.13019066557492104 
bqbkfj 2716 70 210 1000 -0.9996642041638684 
bqflu9 15693 100 290 1500 1.0 
bqgizl 2963 40 130 600 -1.0 
bqh0hr 2483 90 570 2800 -0.9819789754713832 
bqh4ow 14716 80 380 1900 -0.9943717796274276 
bqig02 3548 200 420 2100 -0.999662447257384 
bqlagp 5205 80 530 2700 -0.9769200159172304 
bqmgqp 5670 80 470 2500 -0.9998226793155421 
bqoxdt 16614 40 190 1000 0.03626248408070246 
bqsqnw 6865 60 590 2900 -0.9994518295189804 
bqsw1e 2239 100 540 2600 -0.9855072463768116 
bqswg9 3103 40 230 1200 -0.9812765957446808 
bqu4jq 4258 80 260 1400 0.9823586486724883 
bqw4wa 2281 40 90 500 -0.9978586723768736 
bqw6kw 3573 40 610 3200 0.9307304785894207 
bqwcyw 17230 70 230 1200 -1.0 
bqxie2 9472 90 330 1700 -0.016835354243912217 
bqyg8o 4263 50 440 2400 -0.997993119266055 
br39kg 2702 80 450 2200 -0.999778098302452 
br6i4u 4373 50 480 2300 -0.9932432432432432 
br875q 14497 50 100 500 -0.5909016527573229 
br9fpg 15933 40 260 1200 -0.8862601214574899 
bra5fd 2640 120 280 1400 -0.9962947715109098 
brb5g9 3597 40 250 1300 -0.7961199294532628 
briguv 30910 90 520 2900 -0.9423475362579947 
bro98t 4344 50 390 2000 -0.999537251272559 
brov5g 29113 60 180 900 -1.0 
brqrdp 5674 110 1020 5400 -1.0 
brrabv 3325 130 180 900 -0.9996695853295886 
brsz28 3844 60 80 400 -0.8733527297621085 
brvb98 11299 70 260 1200 -0.9975644578819182 
bry0vq 2937 50 310 1500 -0.9993912646476945 
bs267c 4352 40 560 2800 -0.998134825472955 
bs3303 19716 40 390 1900 -1.0 
bs7lg5 3392 60 110 500 -0.5817579419216528 
bsatjd 2566 100 300 1600 0.7793915603532875 
bsf64w 3644 50 190 900 -0.9993491172402571 
bsfwo8 20527 50 550 2800 0.07744107744107744 
bsh41y 3480 50 270 1300 -0.5249795249795249 
bshoay 2320 100 540 2800 -0.9924242424242424 
bsj1q4 5638 70 450 2300 -0.9850779510022272 
bskrib 2669 60 280 1400 -0.9941441441441441 
bsnoo6 3571 30 280 1500 -0.45 
bsu770 6509 140 270 1300 0.9040387182910548 
bswodp 7291 70 320 1700 0.9561071195297192 
bsymv3 2494 50 700 3400 1.0 
bszkkf 3335 40 520 2900 -0.9995628415300546 
bt0m1g 26411 70 260 1300 0.9998613854524032 
bt38hw 2687 30 170 800 -0.990436933223413 
bt68qt 7195 40 220 1200 0.6010265982267848 
bt7hgl 3178 90 540 2800 -0.9928301886792453 
bta48a 7629 40 240 1200 -0.9909311953735953 
btbdd6 13640 60 550 2800 -0.998331769367115 
btc36x 2405 70 200 1000 0.9994076882070722 
btdwz0 2776 40 590 2900 -0.23299770358593888 
btf29m 6094 70 300 1600 -0.9996731492073868 
btgyy8 17410 50 450 2300 -0.9986970684039088 
bth452 2437 40 260 1300 -0.99826056705514 
btie40 7369 70 600 3100 -0.9836221672062464 
btkuy8 2407 80 400 2100 -0.3292831105710814 
btnxdy 27435 50 280 1500 1.0 
btpzvc 3072 80 340 1800 -0.9956748505279227 
btq97h 8076 100 320 1600 -0.998378850230702 
btqzd6 2666 110 340 1700 -0.8820362785254535 
btvhp2 2168 90 920 4700 0.045205479452054796 
btvqmi 30369 110 470 2300 -1.0 
btxcbh 3045 100 380 1900 -0.9911991199119912 
btyvwg 2201 80 370 1900 -0.9966169460249116 
btzj76 13186 100 590 2900 -0.9678236635419306 
bu233h 8018 90 450 2300 -0.9552032579448767 
bu4ugr 23089 90 440 2300 1.0 
bu5l3x 3888 60 270 1400 -0.9997150997150998 
bu5m5e 2918 50 460 2400 0.9778621125869703 
bu5n2z 2323 50 200 1000 -0.9977148080438757 
bucfkc 2174 80 310 1600 -0.9974419100405031 
budr6o 2584 40 310 1500 -0.9971313826735514 
budy1w 5685 30 540 2700 0.9721231766612641 
bueh4f 2309 80 140 700 0.9444629198536748 
buh1uj 3802 50 310 1600 0.6770783277270543 
buhcgu 3026 60 500 2500 0.9960091220068416 
buiasv 18159 50 320 1600 0.9995518486244243 
bunjsh 9648 50 550 2900 -0.9994426174683685 
buq5b3 13112 50 160 800 0.9219653179190751 
buqzjw 2155 80 210 1100 -1.0 
bus58f 10489 120 480 2500 -1.0 
busqrl 9950 60 370 1900 -0.9997932495994211 
busur4 2573 70 410 2200 -0.36880837814888195 
buti24 4354 20 810 4100 -0.9974597798475868 
buu28m 2403 80 500 2600 0.07682639434406913 
buv4dh 4452 80 590 2900 -1.0 
buygfe 11931 80 440 2400 -1.0 
buz1qh 3483 70 440 2300 -0.9980270574971815 
buz2z3 2839 60 620 3000 -0.9997054491899853 
bv4psb 9071 40 270 1400 -0.9469026548672567 
bv7pre 8552 50 160 700 -0.9641587393100798 
bv94hg 2386 20 690 3600 -0.9767994409503844 
bv9ox5 3009 30 310 1600 -1.0 
bva3nj 3542 120 730 3800 -0.9981900452488688 
bvb2rz 18724 150 390 2100 -0.9983757596124226 
bvbuk4 4311 50 360 1800 0.9765625 
bvh33v 17090 50 550 2900 -0.3786356425171867 
bvinf4 4200 70 620 3300 0.9998325378883027 
bvk83l 21177 60 470 2200 -0.96483260319119 
bvlr7i 3789 40 220 1100 -0.8069894196857967 
bvmrbl 3361 50 250 1300 0.9760902051351719 
bvnava 14567 170 550 2900 -0.7839632277834525 
bvook2 12203 50 450 2300 -0.9980318834875025 
bvoynz 4386 60 1420 7500 -1.0 
bvqo3r 3049 70 310 1600 -1.0 
bvsc0l 5924 80 130 600 -1.0 
bvuwdy 4068 30 970 4700 0.9849594300415595 
bvvyb4 2449 50 340 1700 -1.0 
bvwls3 2399 80 470 2400 -0.9997061848097547 
bvxqh8 35998 50 320 1600 1.0 
bvyl26 2873 30 470 2400 -1.0 
bw1kf1 13013 70 410 2100 -0.37459108223168275 
bw2ive 3481 40 670 3300 -0.9944191814799503 
bw4dqi 7840 70 320 1500 -0.9978116166681864 
bw52fh 3247 90 270 1400 0.994856408058294 
bw6hqs 2543 20 130 600 -0.9917491749174917 
bw7mh6 4202 60 230 1100 -0.9996683250414594 
bw8mcj 3074 240 620 3100 -1.0 
bw93wg 20648 100 430 2100 0.9482769664360748 
bwc0g5 3016 40 190 900 0.9840671577865342 
bwc42f 2914 60 600 3100 -0.545653761869978 
bwd091 17636 140 200 1000 0.9887554306158958 
bwdljm 4410 60 360 1900 0.6309160305343512 
bwdu45 6296 60 590 2900 -1.0 
bwipw8 10241 70 1460 7600 -1.0 
bwnwk3 3874 80 500 2600 -0.9991787571858747 
bwovur 33444 80 230 1100 0.2965165675446049 
bwr3l5 7465 70 210 1100 0.9986849390919158 
bwrpba 2269 60 180 900 -0.9969827586206896 
bwsj5q 4209 90 160 800 0.8021620020731527 
bwso48 2542 60 720 3700 0.9998048590106352 
bwsw3s 3844 70 270 1400 0.9128497152760584 
bwxoqv 12731 60 170 900 0.9800225386743161 
bwyuqw 2148 70 190 900 -0.08371344244700832 
bwz4w3 7135 80 480 2500 -0.9991696650982563 
bx0nwz 2821 40 190 1000 0.9975387644597588 
bx150m 2463 40 390 2000 -1.0 
bx2fdk 3409 150 230 1200 0.8201374365103078 
bx34vw 10166 50 100 500 -0.9857988165680474 
bx3d8e 5736 70 360 1900 -1.0 
bx4iwj 5374 50 360 1900 -0.7036469170956083 
bx5oac 17334 60 600 3100 -1.0 
bx743i 3058 80 320 1600 0.9969594428914718 
bx74b7 2338 50 270 1300 1.0 
bxgw0i 2419 80 390 2000 -0.9982535801606707 
bxif63 11017 200 490 2500 -0.9937397737781888 
bxjsev 3120 100 290 1500 -0.9956037917296332 
bxk596 16519 50 180 900 0.9933778082998136 
bxmur4 12424 70 350 1700 -0.997151287007834 
bxomt8 13341 80 390 2000 -0.9889773423147581 
bxpblv 4753 60 440 2200 0.9968893382067034 
bxsess 2304 70 720 3700 -0.9992874955468471 
bxumsi 16179 60 200 1000 1.0 
bxvaza 2164 60 220 1100 0.978017146625632 
bxwj88 2943 50 210 1000 -0.9705882352941176 
bxwn93 2393 70 570 3000 0.7798117606424315 
by0hez 13848 70 700 3600 -1.0 
by21o8 3259 100 480 2500 -0.9909365558912386 
by6xz7 8792 80 270 1300 0.25813449023861174 
by8zyx 2598 50 240 1300 0.3022403258655805 
by9n3h 2375 90 350 1700 -1.0 
byb8hr 4425 150 640 3100 -0.9994641661085064 
bybsp6 2828 60 420 2200 -0.9960187686620219 
bye16k 15574 130 1090 5700 0.9567527945757742 
byfwtk 6688 70 350 1700 -1.0 
byiwjh 24481 60 240 1200 -0.748008082040334 
byjwlm 12444 100 370 1900 -0.9967737094837935 
bykofj 2335 70 300 1500 1.0 
bykrbc 3083 100 540 2700 -0.9904247483427449 
bymu7a 14610 50 370 1900 1.0 
bynesw 4072 70 330 1700 0.07188533627342888 
bynopg 12199 90 770 4000 -0.22388059701492538 
byp65g 4530 60 340 1600 0.3396098003629764 
bypco8 12080 100 580 2900 -0.9843310074672542 
byq85x 2878 60 420 2100 0.9996976416045152 
byqpq1 2927 110 310 1500 1.0 
byqr98 7081 70 260 1400 -0.9982988942812828 
byrxkv 7550 60 240 1300 0.9931707939749809 
byu29f 2870 110 360 1800 -0.9083856667898043 
byvfpg 2326 100 720 3600 0.6052631578947368 
byw46b 11926 100 570 2900 -1.0 
byxzsf 15080 100 690 3700 -0.9998805221183429 
byz0oy 2380 140 280 1400 -0.2209660842754368 
byzh9b 7743 180 230 1200 -0.913430935709739 
byzq5t 9379 90 830 4100 -0.999818700992612 
bz1mkm 2273 100 380 2000 0.9994333207404609 
bz1z5v 4269 100 550 2900 -1.0 
bz4tjt 6152 90 300 1500 -1.0 
bz5188 16551 80 360 1800 -1.0 
bz8lug 10113 50 630 3100 0.9989634799433369 
bzcbvk 3030 70 650 3300 0.951408061844285 
bzce02 19112 40 340 1700 -0.8286084861960349 
bze7ym 3166 50 940 4800 -0.999645390070922 
bzhmf0 5089 60 240 1200 -0.9937344994126093 
bzi1o7 4030 70 140 700 -0.9996125907990315 
bzia61 11322 60 280 1400 0.5549757733879985 
bzjo5r 2897 180 290 1500 -0.7326231691078562 
bzm3p6 2930 90 690 3500 0.2785633192279905 
bzowkh 9574 50 590 2900 -0.9997233174240853 
bzpcm9 3116 50 290 1400 -0.9996819844172364 
bzpotd 4013 40 600 3300 -1.0 
bzr0h7 20287 50 420 2100 -0.9994069723112549 
bzsk01 4983 50 510 2500 -0.99755832881172 
bztjmt 3809 60 110 500 -0.9994304698623635 
bzv1x3 6793 50 190 1000 1.0 
bzyh19 15097 40 720 3600 -0.9931645176324375 
bzytv4 3627 90 160 800 -0.9938643816777742 
c03hb1 28068 70 820 4400 -1.0 
c061nc 5978 50 380 2100 -0.953203743700504 
c06hnq 2536 70 610 3200 -0.9655797101449275 
c08awt 12263 60 270 1400 -0.41016504126031506 
c0i3oz 15102 30 1970 9800 0.9935134679780132 
c0jf27 4724 80 440 2300 -0.9457831325301205 
c0jhvd 8315 60 200 1000 1.0 
c0m461 2304 80 180 900 -1.0 
c0nmu8 14084 50 850 4400 0.999875781541137 
c0olf4 3232 50 420 2000 -1.0 
c0pead 3902 70 390 1900 1.0 
c0rq5x 6966 60 540 2700 0.987240247903755 
c0s6fr 3431 120 420 2200 -0.9994488839900799 
c0v5r2 7319 40 150 700 -0.9667221297836939 
c0v9h9 7893 140 690 3700 -0.9994014216236439 
c0xi4z 2624 50 220 1100 -0.9997183495282355 
c0xp8l 14501 50 600 3100 -0.9987585350713842 
c104xq 2905 70 440 2300 0.9495438056502143 
c13jmx 23340 110 560 2900 -0.9831495344656417 
c13m8y 2215 50 330 1800 0.9839129942222725 
c15zoj 2526 90 390 2000 -0.9997396511325176 
c1982x 13041 110 540 2600 0.9947825646480764 
c19z1b 3828 60 370 1900 0.9941209874068878 
c1aor4 11192 40 370 1900 -0.9740856577519628 
c1eh25 15825 60 410 2400 -0.2 
c1iajl 31615 170 260 1300 -0.997348261638185 
c1lle5 2897 140 460 2400 -1.0 
c1nkh3 19617 70 260 1300 0.972630046281049 
c1o5b4 5956 50 580 3100 -1.0 
c1okod 5108 200 500 2600 0.00847527359499712 
c1op9m 3625 70 560 2900 -1.0 
c1pa2m 2317 60 450 2300 -0.972027972027972 
c1qjxg 4575 70 430 2200 -0.998841059602649 
c1rr9s 4163 70 620 3300 -0.727491961414791 
c1shrj 11162 30 350 1800 -0.936722935408875 
c1tgjy 0 80 310 1600 1.0 
c1vext 3371 40 260 1300 0.6620190229139645 
c1vwd3 20204 100 480 2400 0.9997516247878462 
c219rs 19347 60 610 3100 -0.9952971083571656 
c23rod 9379 120 250 1300 -0.9976135488837568 
c253kq 3002 140 810 4200 0.8333333333333334 
c25r5e 2261 60 610 3100 -0.9962253976813157 
c28bm0 12537 60 400 2000 0.9608454270965229 
c29xp9 7412 40 320 1500 0.3923444976076555 
c2b62f 2275 100 400 1900 0.9657815006237748 
c2cmv9 8986 100 320 1600 -1.0 
c2esxa 22001 50 140 700 -0.8627083333333333 
c2gt3q 2196 40 350 1800 -1.0 
c2gvn2 2241 90 320 1700 -0.9830287206266318 
c2ib5a 20318 80 300 1500 -1.0 
c2ie01 9835 30 150 800 -0.9990637956399625 
c2m0hj 3677 110 410 2100 -1.0 
c2oyc4 2631 50 350 1700 0.9996837694679421 
c2u3iw 3754 80 150 800 -0.9933333333333333 
c2v5es 14064 70 360 1800 0.957332089068616 
c2w0fd 2822 80 290 1500 0.9946428571428572 
c355ib 1930 50 170 800 -1.0 
c35xdn 4858 60 200 1100 0.9905636532142557 
c36kx2 1555 50 300 1500 -1.0 
c370mg 483 50 440 2100 -0.9986798679867986 
c37xgn 10735 120 580 2900 -0.9946823938895871 
c37xsy 682 120 370 1900 -1.0 
c38189 12604 150 290 1400 -0.9919224555735057 
c38b96 344 100 300 1500 -1.0 
c38e53 422 50 530 2800 -0.00796812749003984 
c39gzk 864 40 220 1100 0.8794326241134752 
c39x3a 305 60 490 2500 -0.8347107438016529 
c3a4m7 215 40 600 3000 -1.0 
c3a8cu 2808 60 170 800 -0.4103653355989805 
c3ai0r 185 40 310 1500 -1.0 
c3alzm 1991 60 270 1300 -0.9989545216936748 
c3aulz 414 40 210 1100 -0.3744578313253012 
c3b15p 419 50 550 2800 -0.9885496183206107 
c3b999 15972 60 370 1800 -0.9973060085630442 
c3bdfv 554 30 490 2600 -0.9914268218003675 
c3bylj 133 70 240 1200 -1.0 
c3c93g 55 100 240 1200 -0.9760479041916168 
c3cb22 70 60 230 1200 -0.9865229110512129 
c3cctv 5476 50 290 1500 0.18185086647012297 
c3co1i 2225 60 150 700 0.9915384615384616 
c3cp5b 3494 80 240 1300 -0.9747180085569818 
c3cq1k 790 50 200 900 -1.0 
c3cxb0 1478 40 350 1700 -0.7868852459016393 
c3d1w6 101 50 250 1200 0.988950276243094 
c3d3gi 278 40 190 1000 -1.0 
c3dlw8 1263 110 220 1100 -1.0 
c3e4a4 82 80 280 1400 -0.9913793103448276 
c3ebty 137 60 470 2400 -1.0 
c3efnt 31 50 240 1200 -1.0 
c3ehzv 113 110 200 1000 -1.0 
c3eix4 155 80 250 1400 -1.0 
c3el8k 240 70 270 1300 0.9206510681586979 
c3esyf 228 50 330 1700 0.02197802197802198 
c3ev3t 243 60 430 2200 -1.0 
c3ffx0 40 40 480 2500 -1.0 
c3fjgl 43 50 380 2000 0.9945945945945946 
c3ghfl 329 60 480 2300 -1.0 
c3gz86 358 50 320 1800 -1.0 
c3h9bl 4571 80 280 1400 0.9822092835193272 
c3hc1y 117 40 340 1600 -1.0 
c3hci0 646 70 490 2500 -1.0 
c3hcx5 80 40 150 800 0.9252336448598131 
c3he29 14 50 430 2100 -1.0 
c3hi5e 16 60 300 1400 -1.0 
c3hj58 292 110 230 1200 -0.9007444168734491 
c3hw6g 15 80 150 700 -1.0 
c3hzng 45 40 370 1900 1.0 
c3i0v5 11 70 300 1700 -1.0 
c3i51u 23 90 230 1200 -1.0 
c3i7k9 53 50 280 1400 -1.0 
c3ifwd 12 50 280 1400 -1.0 
c3ikeg 1376 60 400 2000 -0.9629225736095965 
c3infi 14 50 140 700 0.7647058823529411 
c3io79 15 50 550 2800 -1.0 
c3is4k 440 100 320 1600 1.0 
c3jbq1 300 90 510 2700 0.9994612068965517 
c3jdqi 12292 40 340 1700 0.9994125422235277 
c3jl37 44 70 380 1900 0.516245487364621 
c3jmnb 51 50 170 800 -1.0 
c3jnu5 118 70 440 2200 -1.0 
c3jpus 1708 110 560 2800 -0.8499797816417307 
c3k2uh 22 60 330 1700 -1.0 
c3k3ni 10 40 410 2000 -1.0 
c3k5m4 13 60 460 2300 -1.0 
c3k8ad 19 80 510 2600 -1.0 
c3k9vs 234 50 510 2600 -0.9831528279181708 
c3kapu 91 50 130 600 0.8412698412698413 
c3kqq3 15 30 250 1400 0.9607843137254902 
c3ktbk 7 50 270 1400 1.0 
c3kui4 7 60 350 1800 -1.0 
c3kvpf 340 60 200 1000 -1.0 
c3kxbn 158 60 260 1300 -1.0 
c3kzlo 6 60 160 700 -0.25 
c3l1ok 13 90 230 1200 0.6666666666666666 
c3l1wq 6 50 410 2000 -1.0 
c3l3ll 12 70 330 1700 1.0 
c3l3yu 46 60 400 2100 -1.0 
c3l5iv 17 80 420 2000 -0.7019230769230769 
c3l68k 17 60 470 2400 -1.0 
c3l9sa 15 40 240 1100 0.9436619718309859 
c3lanv 13 60 370 2000 -1.0 
c3lbwj 17 40 510 2600 0.9743589743589743 
c3lctv 12 120 180 900 -1.0 
c3ld4b 6 30 270 1400 -1.0 
c3ldsg 8 80 370 1900 -0.058823529411764705 
c3lekj 5 60 160 800 -1.0 
c3lgpc 32 30 280 1400 1.0 
c3ljui 148 30 320 1600 -1.0 
c3lnc2 22 50 290 1400 -0.9666666666666667 
c3ltpy 6 60 300 1500 1.0 
c3luoe 16 40 380 2000 -1.0 
c3luq5 5 50 400 2100 -1.0 
c3lvh1 6 70 560 2900 -1.0 
c3m0mb 19 40 540 2600 1.0 
c3m0ru 4 70 200 1000 -1.0 
c3m0ys 7 40 120 600 -1.0 
c3m2fg 11 50 610 2900 -1.0 
c3m7m2 11 70 470 2400 1.0 
c3mazr 12 70 370 1800 -1.0 
c3mbg9 14 60 400 2000 -1.0 
c3mciz 28 50 210 1000 -1.0 
c3md1u 67 30 310 1400 -1.0 
c3me3b 2 70 230 1200 -1.0 
c3mg43 3 90 490 2600 0.3333333333333333 
c3mjp5 49 50 450 2400 -1.0 
c3ms1y 5 90 190 900 1.0 
c3mus0 16 80 390 2100 1.0 
c3mveu 109 70 150 700 -1.0 
c3mzxh 88 70 300 1500 -1.0 
c3n0h1 24 70 170 900 -1.0 
c3n4he 5 70 430 2200 -0.23076923076923078 
c3nc2b 3 70 450 2300 -1.0 
c3ndi3 110 50 600 3000 1.0 
c3nf03 14 40 150 800 -1.0 
c3ngoi 746 40 540 2900 0.9651639344262295 
c3nkne 24 70 230 1100 -1.0 
c3nreg 2 80 560 2800 -0.2222222222222222 
c3nszx 4 50 330 1700 -0.6363636363636364 
c3ntlx 344 90 240 1300 -0.997872340425532 
c3nvnp 3 60 360 1800 -1.0 
c3nyu1 2 80 100 500 0.6666666666666666 
c3nzgk 3 50 80 400 1.0 
c3o14z 14 80 310 1700 -1.0 
c3o9zv 9 30 380 2100 0.5 
c3oec3 53 70 330 1700 0.9209039548022598 
c3oegu 21 70 570 3100 -1.0 
c3og9y 27 70 540 2800 -1.0 
c3oilu 3 60 260 1300 1.0 
c3ojjp 25 40 590 2900 -1.0 
c3ojlz 880 40 1190 6200 -0.6321428571428571 
c3opqm 7 40 570 3000 -1.0 
c3os52 25329 80 240 1200 -1.0 
c3p0iu 303 30 340 1700 -1.0 
c3p0pz 5 70 270 1400 -1.0 
c3p7hb 390 90 390 2000 -0.971830985915493 
c3pb6f 98 50 520 2600 -1.0 
c3pdk3 44 50 520 2600 -0.6043956043956044 
c3pe2y 2234 110 290 1400 -0.9393225331369661 
c3pgqu 2 60 180 900 -1.0 
c3pgxc 177 80 530 2800 -1.0 
c3phei 155 80 570 2800 -1.0 
c3pmr7 0 30 260 1300 0.07692307692307693 
c3pmt3 16 50 520 2800 -1.0 
c3poqt 11 50 480 2400 -1.0 
c3pq6p 3 60 270 1400 0.75 
c3przf 6 40 210 1100 -1.0 
c3pshi 26 90 430 2200 -1.0 
c3psmu 1338 110 350 1600 -0.9980372914622179 
c3pt2p 10 20 230 1200 -1.0 
c3pt4u 8 30 290 1500 -1.0 
c3ptec 17 80 200 1000 -1.0 
c3ptz6 866 80 390 2000 0.937836980653346 
c3pvyo 2 70 260 1300 -1.0 
c3pw2u 10 60 270 1500 -1.0 
c3pxn4 0 80 80 400 1.0 
c3pym1 3 50 340 1800 -1.0 
c3pyqw 6 50 290 1500 1.0 
c3pzvj 30 70 320 1600 1.0 
c3q4y2 2 50 540 2800 -0.8709677419354839 
c3qah8 8 70 170 900 -1.0 
c3qel3 6 50 440 2100 -1.0 
c3qsll 3 40 250 1300 -1.0 
c3qstb 3 20 180 900 1.0 
c3quft 8 60 400 2000 -1.0 
c3qvff 8 50 400 1900 -1.0 
c3qyai 0 60 530 2900 -1.0 
c3qzoq 25 60 280 1300 -1.0 
c3r0ff 35 60 240 1100 -1.0 
c3r1dg 5 50 90 400 -1.0 
c3r1sd 933 50 320 1600 -1.0 
c3r2gd 2 120 350 1600 -1.0 
c3r2oy 4 60 190 900 -1.0 
c3r3ur 68 30 880 4400 -1.0 
c3r4u1 488 70 390 2100 -0.9947396107311941 
c3r5kn 2 80 440 2300 1.0 
c3r7ya 11 40 420 2100 -0.3333333333333333 
c3r80t 19 50 160 800 -1.0 
c3r83b 4942 110 250 1200 -1.0 
c3r9o6 1838 90 340 1700 -1.0 
c3r9x5 28 60 490 2600 1.0 
c3ra7e 150 90 390 2000 -1.0 
c3rb1l 5 60 270 1400 0.17647058823529413 
c3rclb 4 50 200 1000 -1.0 
c3rf4h 3 90 320 1700 1.0 
c3rgsj 116 110 480 2400 -1.0 
c3rq1z 3 20 510 2500 0.9245283018867925 
c3rtrg 2 60 180 800 -1.0 
c3rw66 7 50 350 1700 0.6296296296296297 
c3rxl6 268 70 230 1100 -1.0 
c3ryc9 462 70 450 2400 -0.9985734664764622 
c3ryud 6 90 210 1000 -1.0 
c3s159 3 100 190 1000 -1.0 
c3s18v 2 60 270 1200 -1.0 
c3s1nu 25 70 480 2500 -0.978494623655914 
c3s3go 0 70 260 1200 -0.9166666666666666 
c3s6kw 139 50 470 2400 0.968503937007874 
c3s9id 5 50 130 700 -1.0 
c3sfl0 2 60 590 3000 -1.0 
c3smht 8 60 550 2800 -1.0 
c3sn0o 2 40 560 2900 -1.0 
c3sofk 13 50 550 2800 1.0 
c3sp20 1 50 310 1500 -1.0 
c3sp5j 12 100 270 1400 -1.0 
c3spoq 19 60 180 900 -1.0 
c3sqjm 7 50 310 1700 -1.0 
c3sqjy 1 60 460 2400 -1.0 
c3sr49 5 60 90 400 0.9 
c3svaz 12 60 340 1700 -1.0 
c3svy6 31 30 260 1300 -1.0 
c3svyw 1766 80 200 1000 -1.0 
c3sx03 11316 30 320 1500 1.0 
c3sydx 85 80 200 1000 0.05314009661835749 
c3szt7 11 40 340 1800 0.02631578947368421 
c3szy7 10 70 220 1200 -1.0 
c3t0b4 14 80 400 2100 0.6239316239316239 
c3t0im 168 90 470 2400 -1.0 
c3t1tm 4 70 370 2000 -0.42857142857142855 
c3t2cf 4 40 260 1300 -1.0 
c3t4bn 62 50 360 1900 -1.0 
c3t5vq 642 90 190 1000 -1.0 
c3t8er 144 40 270 1400 -1.0 
c3tbbd 65 70 180 900 -1.0 
c3tbgf 20 80 530 2800 -1.0 
c3tbs2 8 30 270 1400 -1.0 
c3tcu0 1 50 470 2400 -0.2 
c3te39 1834 50 400 2100 -1.0 
c3tfeh 15 60 180 900 1.0 
c3tiir 11 80 450 2300 -1.0 
c3tj2d 6 30 90 400 -1.0 
c3tjv1 8 60 310 1600 -1.0 
c3tksc 50 50 230 1100 -0.9565217391304348 
c3tkyh 1 140 460 2400 -1.0 
c3tlk8 9 80 160 700 -1.0 
c3tncr 4 50 250 1200 -1.0 
c3tng7 13 40 70 300 -0.14285714285714285 
c3tnym 0 20 210 1100 -1.0 
c3to9o 7 80 120 600 -0.9090909090909091 
c3tqil 585 90 450 2400 0.9989445910290238 
c3tshw 892 40 570 3000 -1.0 
c3tsm2 201 50 130 700 -0.547945205479452 
c3tudo 12 70 300 1500 0.3939393939393939 
c3tw3v 12 90 190 1000 -1.0 
c3tx5c 39 90 260 1300 -1.0 
c3u0su 16 40 500 2600 -1.0 
c3u1ds 7 30 150 700 -1.0 
c3u1ew 1 30 270 1400 -1.0 
c3u1k1 2 40 290 1500 0.9215686274509803 
c3u4g3 2 70 70 300 -1.0 
c3u50d 447 80 410 2100 -0.9946332737030411 
c3u5xi 16 50 580 2900 -1.0 
c3uasg 9 30 20 100 -0.07692307692307693 
c3ucmb 14 50 270 1500 -1.0 
c3ud46 311 110 430 2100 0.9994068801897983 
c3udoo 5 50 80 300 0.6 
c3uec5 0 60 280 1400 1.0 
c3uie3 9 50 200 1000 -1.0 
c3ukn7 0 90 370 1800 -1.0 
c3ukwh 2048 40 550 2800 -1.0 
c3umuz 189 70 230 1200 0.9108087679516251 
c3un7v 1 60 90 400 1.0 
c3uoj6 6 60 170 900 -1.0 
c3ur9i 6 80 400 2000 -0.9574468085106383 
c3usc1 8 50 120 600 -1.0 
c3uw89 3 30 330 1700 -1.0 
c3uwq7 54 70 270 1300 -1.0 
c3uy2d 1 60 280 1400 1.0 
c3uy7r 4 30 220 1000 1.0 
c3uybj 3 50 440 2200 -1.0 
c3uyz4 4 30 160 800 -1.0 
c3uzew 0 40 140 600 -1.0 
c3uzzb 0 110 100 500 -1.0 
c3v0uh 1 50 590 2900 -0.8461538461538461 
c3v3lq 4 30 540 2700 -0.75 
c3v5cb 10 90 320 1700 -1.0 
c3v5p6 1 30 570 2900 -1.0 
c3v6ec 3 70 350 1800 -1.0 
c3v6ul 7 60 160 800 1.0 
c3vae2 2 60 280 1300 1.0 
c3vaq6 7 50 340 1600 -1.0 
c3vbbs 11 70 260 1300 -1.0 
c3vein 114 60 230 1200 -1.0 
c3vets 1561 40 1180 6100 -0.9976717112922002 
c3vg37 2 40 100 500 -0.7142857142857143 
c3vifd 10 50 130 600 -1.0 
c3viou 7 60 310 1500 0.9375 
c3vix7 11 60 250 1300 -1.0 
c3vjq8 0 90 90 500 1.0 
c3vkcw 4 60 130 600 -0.8260869565217391 
c3vlf0 1 40 350 1600 -1.0 
c3vm66 0 60 170 800 1.0 
c3vmx8 14 80 220 1100 -1.0 
c3vnhk 1 100 520 2700 -1.0 
c3vpc6 2 60 170 900 -1.0 
c3vpkz 36 40 350 1700 -1.0 
c3vqxz 78 40 430 2200 -1.0 
c3vsnn 26 50 260 1300 -0.9583333333333334 
c3vtm7 25 30 390 2000 1.0 
c3vu1e 1 50 550 2900 -1.0 
c3vubs 1 40 320 1500 -1.0 
c3vv40 5 110 330 1700 -1.0 
c3vvae 5 50 300 1700 0.6521739130434783 
c3vxq2 0 50 330 1800 1.0 
c3vxqx 2 80 310 1500 -1.0 
c3vxyt 8 40 100 500 -1.0 
c3vygx 7 80 450 2500 1.0 
c3vymo 14 50 260 1300 -0.963302752293578 
c3w1v3 3 60 210 1100 -1.0 
c3w2q1 8 40 140 600 -0.6 
c3w3gu 1704 70 280 1400 -0.998674618952949 
c3w4dj 78 90 190 900 0.42290076335877863 
c3w4po 579 100 420 2100 0.9987073840685087 
c3w6ri 333 50 340 1700 -0.6080445014976466 
c3w9dl 2 50 290 1400 -1.0 
c3wadm 1 90 450 2200 -1.0 
c3wb3b 8 50 50 200 -1.0 
c3wdz9 56 20 210 1000 -0.987012987012987 
c3weaa 2 100 420 2200 1.0 
c3wgbn 143 70 340 1800 0.9971469329529244 
c3wgpw 0 80 490 2400 1.0 
c3whlu 5 90 640 3300 -1.0 
c3wiuw 4 60 430 2200 -1.0 
c3wjxc 3 30 460 2300 -1.0 
c3wovi 5 60 380 1900 -1.0 
c3wsao 12 90 100 500 -1.0 
c3wuy8 0 80 100 500 1.0 
c3wxh0 4 40 590 2900 -1.0 
c3wya6 13 60 110 500 -1.0 
c3x00c 6 50 150 700 -1.0 
c3x15b 48 110 480 2300 0.6752293577981652 
c3x1k1 3 20 270 1300 1.0 
c3x3o8 4 90 280 1400 -1.0 
c3x5gu 5 60 210 1100 -1.0 
c3x8j0 17 20 320 1700 -1.0 
c3x980 9 50 60 300 -1.0 
c3x9a1 2 60 80 400 1.0 
c3xbfi 107 50 190 1000 -1.0 
c3xbki 82 50 310 1600 -1.0 
c3xbqy 0 50 120 600 1.0 
c3xc1j 33 40 390 2000 -1.0 
c3xeze 183 40 260 1300 -1.0 
c3xgaq 4 40 370 1800 1.0 
c3xizg 6 60 370 2000 1.0 
c3xmvw 15 50 260 1400 -1.0 
c3xpio 2 40 260 1300 -1.0 
c3xr44 0 60 550 3000 1.0 
c3xraf 19171 60 640 3500 -1.0 
c3xrdf 0 10 230 1100 -0.3333333333333333 
c3xrwq 0 90 80 500 -1.0 
c3xtmv 8 90 280 1400 -1.0 
c3xvke 2 40 220 1100 0.8974358974358975 
c3xyw3 26 160 170 800 -1.0 
c3y01h 12 30 160 800 -1.0 
c3y0u7 0 20 460 2300 -1.0 
c3y15f 2 90 120 500 0.9 
c3y1y1 2 180 430 2100 0.0 
c3y23q 18 50 500 2400 -1.0 
c3y34v 3 20 130 600 -0.6 
c3y481 3 60 410 2100 -1.0 
c3y6bl 28 110 410 2000 1.0 
c3y6d3 0 40 390 1800 0.9682539682539683 
c3y7jl 10 50 180 1000 -1.0 
c3y8k6 7 50 440 2200 -1.0 
c3y9xp 17 40 240 1300 -1.0 
c3ybwj 0 20 320 1600 -1.0 
c3yc5u 80 80 210 1100 -1.0 
c3yck0 220 70 560 2900 -1.0 
c3yerc 4 40 250 1200 -1.0 
c3yfcz 6 60 130 700 -1.0 
c3ygc8 2 40 380 1900 1.0 
c3yikv 3 30 140 700 -1.0 
c3yin9 7 40 190 900 0.639751552795031 
c3yiz2 1 60 310 1600 -1.0 
c3yj6e 47 50 550 3000 -1.0 
c3yk9f 16 50 400 1900 -1.0 
c3ykcm 1 30 300 1500 -1.0 
c3ykcp 134 50 310 1600 -1.0 
c3ykg6 4 50 260 1300 0.6164383561643836 
c3ykx0 4 60 210 1100 -1.0 
c3yll5 2 80 210 1000 -1.0 
c3yntt 12 30 120 600 -1.0 
c3ypbk 51 30 210 1100 -1.0 
c3yq8k 4 70 420 2200 -1.0 
c3yqss 50 80 570 2800 -1.0 
c3yrbo 0 20 360 1800 -0.45454545454545453 
c3yrrv 2 70 650 3300 -1.0 
c3ywar 24 70 370 1900 -1.0 
c3ywi4 0 70 230 1100 -1.0 
c3yyjs 0 220 140 600 -0.47368421052631576 
c3yysv 13 40 550 3000 -1.0 
c3z04w 4 40 150 700 -1.0 
c3z21f 7 50 170 900 -0.6521739130434783 
c3z2ym 11 90 580 2900 -0.9487179487179487 
c3z47c 2 60 490 2400 -1.0 
c3za07 0 20 180 800 -1.0 
c3zbi2 2 70 300 1500 -1.0 
c3zc0q 40 50 410 1900 -1.0 
c3zcu7 1 20 310 1500 1.0 
c3ze6u 7 50 430 2100 -0.6363636363636364 
c3zkp8 1 30 410 2100 -1.0 
c3zlia 1 30 560 2900 -1.0 
c3zpky 2 50 380 1900 -0.3333333333333333 
c3zqm6 3 30 530 2700 -1.0 
c3zqte 2 60 470 2300 1.0 
c3zrl5 0 110 70 300 -1.0 
c3zsh7 1 60 550 2900 -1.0 
c3zsnx 731 40 120 500 -1.0 
c3zsr2 4 130 410 2300 -1.0 
c3zta7 8 30 250 1200 0.9813084112149533 
c3ztcn 0 30 390 2100 -0.2222222222222222 
c3zw9d 206 90 490 2400 0.7269076305220884 
c4008u 8 50 570 2800 -1.0 
c400rx 5 70 300 1700 -1.0 
c4018v 3 100 380 1900 -1.0 
c402bi 5 60 90 400 -1.0 
c405rx 2 40 250 1200 -1.0 
c406bg 5 110 170 900 1.0 
c407ve 9 30 80 400 -1.0 
c409s3 2 60 270 1400 1.0 
c409so 20 60 160 800 -1.0 
c40a1x 11 40 130 600 -1.0 
c40ayb 23 50 300 1500 -1.0 
c40bmj 3 20 550 2900 1.0 
c40cwz 1 30 490 2500 -1.0 
c40dox 7 40 380 2000 -1.0 
c40ea0 12 70 440 2200 -1.0 
c40eck 0 20 580 2800 -1.0 
c40elh 1 40 120 600 -0.8181818181818182 
c40erh 3 50 100 500 -1.0 
c40eyf 98 50 160 800 -1.0 
c40fk5 0 20 90 400 0.9333333333333333 
c40g6y 3 60 150 800 0.7402597402597403 
c40j3e 0 20 170 800 -1.0 
c40k3c 1 40 660 3300 -1.0 
c40kwq 2 80 440 2300 0.9487179487179487 
c40lx1 457 150 520 2800 -0.9986666666666667 
c40my3 0 50 460 2200 -1.0 
c40ojs 3 100 530 2700 -1.0 
c40pmo 3 80 540 2800 -1.0 
c40srt 1 60 270 1200 -1.0 
c40uyc 163 90 440 2200 1.0 
c40vmb 5 60 210 1100 -1.0 
c40x6z 12 90 120 600 -0.2857142857142857 
c40z8d 2 50 310 1500 -1.0 
c40zjk 0 60 440 2200 0.9809523809523809 
c41033 1 40 420 2100 1.0 
c412ww 2 40 540 2800 1.0 
c414y6 3 50 250 1300 1.0 
c41628 17 50 190 900 -1.0 
c41eko 4 60 160 800 -1.0 
c41gz1 9 50 410 2100 -1.0 
c41i8a 0 50 350 1700 -1.0 
c41lvu 9 80 290 1500 -1.0 
c41m3h 3 30 210 1200 -1.0 
c41mlp 9 50 560 2900 -1.0 
c41swm 2 60 120 500 1.0 
c41tc4 100 70 480 2400 -1.0 
c41w31 565 90 340 1700 -0.9857420609202852 
c41y2n 16361 20 500 2500 -1.0 
c4244n 13 30 230 1100 -1.0 
c425k9 1 100 510 2600 0.16129032258064516 
c4279e 2 50 250 1300 -1.0 
c427m1 0 40 250 1200 1.0 
c42amf 2 30 420 2100 -0.16666666666666666 
c42dhh 1 40 170 800 1.0 
c42f87 812 50 550 2900 -1.0 
c42ld0 3 40 250 1300 -1.0 
c42m0f 2 50 320 1600 -1.0 
c42mma 1609 50 530 2700 1.0 
c42pwr 38 40 350 1700 -1.0 
c42px7 2 120 230 1200 -1.0 
c42q6c 21 70 400 2100 -1.0 
c42qo3 31 20 670 3400 -1.0 
c42qqq 15 140 440 2200 -1.0 
c42sn5 72 40 180 900 -1.0 
c42t42 32 70 210 1000 -0.5873015873015873 
c42tac 4 40 560 2900 -1.0 
c42tmn 3 40 400 2100 -0.16129032258064516 
c42vfj 0 70 160 700 1.0 
c42zem 6 30 70 300 1.0 
c434kv 2 80 540 3000 -0.7333333333333333 
c438o7 909 80 150 800 -1.0 
c43bom 974 50 200 1100 -1.0 
c43ctl 110 60 350 1700 -1.0 
c43d2b 3 90 520 2700 -1.0 
c43e1e 4 60 190 900 -1.0 
c43fzs 191 50 560 2900 -1.0 
c43hzy 26 60 120 600 -1.0 
c43k69 4 40 330 1600 -0.5238095238095238 
c43tcx 10728 110 390 2000 1.0 
c440r6 3 40 140 700 -1.0 
c441wf 265 170 400 2100 0.9686274509803922 
c441yx 1 20 480 2500 -1.0 
c443qs 1 150 320 1600 1.0 
c445so 1 50 550 2900 -1.0 
c4470z 2 60 530 2800 -1.0 
c4472y 2 60 390 2100 -1.0 
c4484n 10 30 440 2400 0.9777777777777777 
c44bil 1 40 600 3200 1.0 
c44cya 100 70 390 2000 -1.0 
c44m3m 1 30 310 1600 -1.0 
c44o7y 6 50 490 2400 -1.0 
c44qnb 3719 50 460 2300 0.7194148936170213 
c44rh6 2 140 470 2400 -1.0 
c44s7b 0 120 230 1000 1.0 
c44sgv 65 50 450 2400 -1.0 
c4508x 3 50 540 2800 -1.0 
c4508y 3 60 300 1600 0.07692307692307693 
c4572m 12 40 320 1500 0.9914163090128756 
c459mc 62 60 370 1900 -0.9428571428571428 
c45afk 1 40 150 700 1.0 
c45bje 4 50 420 2200 0.25 
c45dlm 97 60 360 1800 -1.0 
c45dyl 2 30 560 2900 1.0 
c45ehj 0 60 170 800 1.0 
c45ela 426 90 380 1900 -1.0 
c45esz 0 90 60 300 -0.8235294117647058 
c45ft4 7 60 230 1100 -1.0 
c45h7i 5 50 140 700 -0.8571428571428571 
c45hgx 32 120 200 1000 -1.0 
c45jrf 10 80 430 2200 -0.922077922077922 
c45lbe 2 30 300 1500 -1.0 
c45lw1 9 30 380 1900 -1.0 
c45n2y 0 80 350 1700 -0.9090909090909091 
c45o9i 2491 80 250 1200 -1.0 
c45sc7 0 60 170 900 1.0 
c45twn 0 30 330 1700 -1.0 
c45u7a 2 30 170 800 -0.8235294117647058 
c45ufa 3 40 300 1500 -1.0 
c45v0r 6 60 280 1300 0.0 
c45vcf 1 70 260 1300 -1.0 
c45x4l 5776 70 420 2200 0.9943714821763602 
c45y1i 25 30 130 700 -1.0 
c460ol 11 70 440 2300 -1.0 
c4629j 6 80 490 2500 -1.0 
c469cj 1 40 90 500 -1.0 
c469ej 98 70 270 1300 -0.84 
c46a4d 2 180 290 1700 -1.0 
c46a73 6 20 200 1000 1.0 
c46amn 4 50 570 2800 -1.0 
c46ekr 33 60 560 2800 -1.0 
c46f2q 8 60 380 2000 -1.0 
c46f5x 52 50 530 2600 -1.0 
c46joo 9 70 400 2100 0.9016393442622951 
c46mbd 6 30 230 1100 -1.0 
c46mkr 0 40 130 600 1.0 
c46ok6 512 50 560 2800 -0.991304347826087 
c46pxa 3 50 530 2800 0.5 
c46qdk 18 80 280 1500 -1.0 
c46rs8 14 80 360 1800 -0.9036144578313253 
c46sdo 6 20 130 600 -1.0 
c46w0r 11 70 500 2700 -1.0 
c46z7a 5 30 80 400 0.0 
c47161 8 30 310 1600 -1.0 
c471wv 3 90 390 1900 -1.0 
c473rg 1 100 270 1300 -0.8260869565217391 
c474yy 19 40 230 1200 1.0 
c4757d 4 40 560 2900 -1.0 
c478g8 24 50 320 1600 -1.0 
c479jy 3 60 590 3100 1.0 
c47aha 8 40 340 1700 -1.0 
c47as5 3 90 200 1000 1.0 
c47dl2 3 110 270 1300 1.0 
c47elq 1 60 150 700 -1.0 
c47ggg 1 20 100 400 -1.0 
c47gs4 29 50 180 900 0.38271604938271603 
c47h8q 7 40 130 600 -1.0 
c47hq3 43 50 220 1100 -1.0 
c47hzp 60 30 380 2000 -1.0 
c47i3u 2 90 430 2300 -1.0 
c47iwn 288 90 210 1100 -1.0 
c47n3d 207 40 410 2000 -1.0 
c47nln 108 60 270 1300 -1.0 
c47nq3 23 50 210 1000 0.9980372914622179 
c47ovs 7 70 200 1100 -1.0 
c47s6i 0 40 550 2900 1.0 
c47s85 31 70 530 2800 1.0 
c47y4f 3 30 280 1400 -1.0 
c480jk 0 70 190 800 0.5294117647058824 
c480nq 1 70 250 1200 -0.5555555555555556 
c481lp 3 50 170 700 -1.0 
c482kr 5 30 100 500 -0.7931034482758621 
c484qe 0 50 350 1700 -1.0 
c484ze 29 80 260 1400 -1.0 
c486vg 1 30 310 1500 1.0 
c487fl 103 50 270 1300 -1.0 
c487m6 172 60 180 1000 -1.0 
c48c2j 1056 40 180 1000 -0.9989962358845671 
c48dab 43 40 400 2000 1.0 
c48f9p 3 30 180 900 1.0 
c48fya 10 100 570 2900 0.9897959183673469 
c48grp 6 50 520 2700 -1.0 
c48jmv 3 70 530 2900 1.0 
c48jn4 10 50 270 1400 -1.0 
c48kpr 25 70 280 1500 -1.0 
c48lc0 1 50 450 2400 -0.875 
c48wnh 20 60 120 600 -1.0 
c48xov 1 70 470 2300 -1.0 
c48y0z 2 70 390 2000 -1.0 
c48ycs 107 50 320 1600 -1.0 
c48ypb 5 70 420 2100 -1.0 
c48zql 5 70 170 800 -1.0 
c48zr0 6 40 70 400 -1.0 
c48zra 0 40 220 1100 1.0 
c493in 39 150 440 2100 -1.0 
c494vv 3 40 280 1400 -1.0 
c4959a 0 50 420 2200 1.0 
c495io 7 70 220 1200 1.0 
c49636 17 40 470 2300 -1.0 
c4978l 4 40 280 1500 -1.0 
c497t6 3 50 400 2100 -1.0 
c49ah6 2 50 250 1200 -1.0 
c49az3 18 70 140 700 -1.0 
c49d4c 2 50 230 1200 0.25 
c49dug 0 60 520 2500 -1.0 
c49e9l 4 60 150 700 -0.9310344827586207 
c49hi5 9 80 180 900 -1.0 
c49inc 2 40 400 1900 -1.0 
c49j68 0 40 130 800 1.0 
c49kca 0 50 140 700 1.0 
c49kmh 3 30 380 1900 -1.0 
c49lib 0 70 90 400 -0.8181818181818182 
c49lmw 2 40 520 2600 -1.0 
c49r1j 37 40 550 2700 -0.8113207547169812 
c49se2 0 40 100 500 1.0 
c49sun 3 50 270 1500 1.0 
c49ta3 1 110 160 800 -1.0 
c49tyl 2 20 520 2600 -1.0 
c49uy6 5 50 370 1900 -1.0 
c49wtb 2 90 380 1900 -1.0 
c49x5i 1 70 60 300 -0.09090909090909091 
c49x6d 0 60 250 1100 1.0 
c49yof 6 40 350 1700 -1.0 
c49zpr 0 50 160 800 0.9393939393939394 
c4a2hh 90 50 520 2700 0.9444444444444444 
c4a3fx 3 30 320 1700 1.0 
c4a4fc 0 60 300 1500 1.0 
c4a7gu 3 40 450 2400 -1.0 
c4a8ie 1 60 120 600 -1.0 
c4a9ap 4 70 540 3000 -1.0 
c4aaz5 5 60 120 600 -1.0 
c4ac69 44 40 370 1900 0.9635036496350365 
c4aeaa 2 40 440 2200 -1.0 
c4aext 8 70 60 300 -1.0 
c4af9r 3 40 580 2900 -1.0 
c4afdp 3 80 360 1800 -0.06666666666666667 
c4ah43 6 60 170 900 -1.0 
c4ah5u 2 40 520 2700 -1.0 
c4ahgu 3 20 520 2500 -0.1111111111111111 
c4aj2d 2 100 120 600 -1.0 
c4aj9y 1 30 230 1200 -1.0 
c4allr 1 40 430 2300 -1.0 
c4almd 8 30 400 2000 -1.0 
c4alys 8 50 290 1600 -1.0 
c4anjg 9 80 170 900 -1.0 
c4aok4 7 60 370 1900 -1.0 
c4aq90 5 60 490 2600 -1.0 
c4aq9g 5 80 400 2100 -1.0 
c4aqhm 1 150 560 2800 -1.0 
c4asnd 0 70 440 2100 -1.0 
c4at8a 19 110 170 800 -1.0 
c4atwg 0 40 520 2600 -1.0 
c4au34 2 40 310 1600 1.0 
c4av2r 2 40 370 1900 -1.0 
c4awh2 2 50 320 1800 1.0 
c4awpu 2 50 360 1800 0.2 
c4ax4o 9 50 530 2800 0.7777777777777778 
c4ay65 30 70 230 1100 -1.0 
c4aygj 7 70 360 1700 -1.0 
c4b0jf 3 70 400 2000 -1.0 
c4b1jj 2 90 250 1200 -1.0 
c4b367 8 90 120 600 1.0 
c4b36w 34 120 150 700 -1.0 
c4b3hx 1 80 550 2800 -1.0 
c4b3tm 10 60 110 500 0.7209302325581395 
c4b4c5 1 90 270 1400 -1.0 
c4b53s 2 50 170 800 -1.0 
c4b5pt 18 80 180 900 -1.0 
c4b6j7 2 60 610 3300 -1.0 
c4b6tw 4 160 110 600 -1.0 
c4b7wt 4 30 540 2800 -1.0 
c4b9aj 5 40 190 900 -1.0 
c4bbro 10 60 230 1200 -1.0 
c4bc6b 6 20 90 400 -1.0 
c4be6v 2 30 250 1300 -1.0 
c4bi2w 2 50 250 1200 -1.0 
c4bjij 1 70 300 1500 -1.0 
c4bjx3 14 60 190 900 -1.0 
c4blpw 5 60 360 2000 -1.0 
c4bm65 7 30 580 2900 -1.0 
c4bmfi 2 50 80 400 -1.0 
c4bnb1 4 40 160 800 -1.0 
c4bp14 4 40 570 3000 1.0 
c4btyw 3 30 330 1700 1.0 
c4bvth 6 30 110 500 -1.0 
c4bvvo 12 90 100 500 -1.0 
c4bwpd 19 50 90 500 -1.0 
c4by1e 7 20 270 1400 0.9852941176470589 
c4by8h 2 0 150 700 1.0 
c4bz8v 1 30 580 2900 -1.0 
c4bzg9 7 50 370 1900 0.7586206896551724 
c4c1vf 0 60 60 300 1.0 
c4c27m 8 120 370 1900 -1.0 
c4c2ww 4 50 160 900 1.0 
c4c4cs 2 80 290 1400 -1.0 
c4c5is 8 40 220 1100 -0.7692307692307693 
c4c63r 3 20 120 500 -1.0 
c4c6uz 1 40 260 1300 0.9285714285714286 
c4c7tn 4 50 190 1000 -0.18518518518518517 
c4cafc 2 110 140 700 -1.0 
c4calb 1 50 460 2300 -1.0 
c4cb2r 0 30 250 1200 -1.0 
c4cbi7 0 60 110 500 -1.0 
c4cbwv 1 60 170 800 -1.0 
c4cbyk 3 30 110 500 -1.0 
c4ccii 1 30 220 1200 -1.0 
c4cf5o 1 100 110 500 -1.0 
c4cfgz 1 70 320 1600 -0.5 
c4cfrj 5 40 290 1500 -0.6666666666666666 
c4cg47 4 40 120 500 -1.0 
c4cgfb 3 80 150 700 1.0 
c4cghh 0 50 550 2900 0.5 
c4cil7 6 100 140 700 -1.0 
c4ciu3 7 60 350 1800 -0.8 
c4ciu4 7 40 290 1500 -1.0 
c4cjxe 1 50 570 2800 -1.0 
c4cl9w 4 30 100 500 1.0 
c4clii 3 50 570 2900 0.7142857142857143 
c4cm73 5 120 90 500 -1.0 
c4cmbf 3 50 120 600 0.8 
c4cmkh 1 30 140 600 -1.0 
c4cn8l 2 60 490 2300 -1.0 
c4cnbr 4 40 330 1600 -1.0 
c4cned 2 20 620 3100 0.2 
c4cqzp 2 60 200 1000 -1.0 
c4crx6 3 60 220 1100 1.0 
c4ct0i 2 30 290 1500 -1.0 
c4ctqp 2 140 490 2500 -1.0 
c4cu93 5 40 110 500 1.0 
c4cv9j 0 50 540 2800 0.6666666666666666 
c4cw34 1 60 490 2800 0.0 
c4cxta 1 40 560 3000 -1.0 
c4cxzq 4 70 460 2400 0.1111111111111111 
c4d03i 6 80 80 400 -1.0 
c4d10d 5 60 320 1700 -0.8666666666666667 
c4d21j 2 40 350 1700 -1.0 
c4d4qy 0 50 170 900 -1.0 
c4d5g5 0 10 130 600 -1.0 
c4d8ha 5 40 270 1300 -1.0 
c4d9fv 1 60 550 2800 -1.0 
c4dakb 9 50 220 1100 -1.0 
c4dao0 3 70 370 1900 -1.0 
c4db4n 4 30 530 2600 -1.0 
c4dcln 0 70 120 500 1.0 
c4ddc9 3 100 430 2200 -1.0 
c4ddcd 1 90 440 2400 -1.0 
c4ddzh 2 50 600 2900 1.0 
c4dexf 1 50 330 1700 -1.0 
c4dg9u 2 50 410 2100 1.0 
c4dgjo 1 40 150 700 -1.0 
c4di3q 0 70 80 500 1.0 
c4diii 2 70 580 2900 1.0 
c4disc 1 50 190 900 -1.0 
c4dkto 5 70 140 700 -1.0 
c4dloy 3 50 190 900 -1.0 
c4dmw8 3 60 450 2300 -1.0 
c4dnq2 0 50 150 700 1.0 
c4dog4 1 40 570 2900 -1.0 
c4dolt 1 60 330 1500 -1.0 
c4dq7q 1 60 340 1700 -0.3333333333333333 
